time,x,y,z,phi,theta,psi,x_velocity,y_velocity,z_velocity,phi_velocity,theta_velocity,psi_velocity,rotor_speed1,rotor_speed2,rotor_speed3,rotor_speed4
0.06,1.77392463529e-08,1.09707797555e-08,0.00175377288026,1.48947136154e-05,6.28315949783,0.0,1.81471377217e-06,1.08394942835e-06,0.0584573343976,0.000740212584182,-0.0013047275229,0.0,423.8039088658087,423.69178090001475,423.2495532153181,423.313236923411
0.12000000000000001,3.5647473706e-07,4.73953989649e-07,0.00775298477194,6.28294002206,0.000385875423166,0.0,-1.07213462176e-05,6.27124803346e-06,0.141509060685,-0.0171601159046,0.0195647670144,0.0,430.1408463718136,431.90419631943234,432.7244138344454,431.2152708571331
0.18,-1.54940515541e-05,-9.88157001441e-06,0.0232956929146,6.28195158738,0.0018049902938,0.0,-0.000677064576796,-0.000474503544679,0.376532599058,-0.0151357206065,0.030777644688,0.0,477.10833484539313,477.96353098672785,478.1198711581493,478.2741605839396
0.23999999999999996,-9.3022772916e-05,-6.24223352532e-05,0.0453929435374,6.28102833726,0.00372967428079,0.0,-0.00206716632263,-0.00135447153727,0.360047432273,-0.0158958537654,0.0345592355532,0.0,399.1209085287185,399.4663457060497,397.5098386276987,397.4402560244709
0.3,-0.000309654670065,-0.000196091369928,0.0718682876909,6.28024341302,0.00550704401095,0.0,-0.00537061894741,-0.00319714660147,0.522402084954,-0.00797717715498,0.0172572311754,0.0,456.9194620284465,455.5384751070531,456.293281852492,456.925022547237
0.36000000000000004,-0.000779940589697,-0.000465616568263,0.11154716036,6.28041272977,0.00644115772939,0.0,-0.0104313727366,-0.00579889282911,0.800073490079,0.018554958952,0.0119572824881,0.0,490.28830130948137,489.8943133658524,489.66650113270106,491.63598288505375
0.4200000000000001,-0.00152542990783,-0.000860010636729,0.159988135694,6.28116327182,0.00773887287233,0.0,-0.0145125843788,-0.00726058917493,0.814614872041,-0.00371589315796,0.0361088888785,0.0,408.4021031052001,410.5503954146378,410.63402162913883,408.65382072613215
0.48000000000000015,-0.00257618015479,-0.00134114019262,0.2133285242,6.28109077466,0.00977539818187,0.0,-0.0207414445077,-0.00879250181848,0.963282215218,0.00338689342058,0.0292131898972,0.0,451.382530678135,450.8262240188016,454.16306736462843,454.7323499762142
0.5400000000000001,-0.00406345989065,-0.00191809002636,0.277466941414,6.28125450503,0.0118366966425,0.0,-0.0290604041649,-0.0104169871655,1.17446959323,0.00137903915391,0.0430428274794,0.0,470.8866877666537,471.95557986059487,472.29322511340314,472.1383027647194
0.6000000000000002,-0.00613399367038,-0.0025939935801,0.356795232517,6.28122694795,0.014663841276,0.0,-0.0403086283185,-0.0121085114206,1.46947076698,-0.00441615198238,0.0542268607093,0.0,496.1945058263653,497.01584186813335,496.2072941008366,495.7817439955727
0.6600000000000003,-0.00893074151575,-0.00336991843492,0.452085773973,6.28122806004,0.0177169024596,0.0,-0.0532982127387,-0.0137696448505,1.70655106717,0.00767104713721,0.0431861174818,0.0,481.4326822013932,480.59807341650765,479.5751621366136,480.4923050120632
0.7200000000000003,-0.0125734242188,-0.00424140391786,0.561266513649,6.28115830863,0.0200627674759,0.0,-0.0684178320555,-0.015239954792,1.93244713351,-0.0318393438366,0.0293213646377,0.0,478.44192566734085,477.3858625480805,479.52429121653324,476.51371592464375
0.7800000000000004,-0.0170633738972,-0.00520074453382,0.678396982869,6.27900749849,0.0223732443702,0.0,-0.0814393086407,-0.0169253519409,1.97182947027,-0.0453898241877,0.0524280713344,0.0,420.436606697437,422.4344926441502,421.15320311374194,419.97891139700397
0.8400000000000004,-0.0224217813984,-0.00631254691828,0.79960803399,6.27625430485,0.025182638349,0.0,-0.0974760840625,-0.0204117328355,2.06835962795,-0.0468986867284,0.0322120939733,0.0,440.61226072144206,438.9391350038821,439.5902048547618,439.4638993053931
0.9000000000000005,-0.0288838567499,-0.0077157985895,0.930057891452,6.27371944931,0.0272495504525,0.0,-0.118153713395,-0.0266754701381,2.27956249003,-0.0342756358182,0.0385823615296,0.0,475.35955612699127,475.8478392831866,473.80275477063753,474.771304460402
0.9600000000000005,-0.0365526281933,-0.0095220391876,1.07010466339,6.27201058622,0.0293619071317,0.0,-0.137695849361,-0.0337227338159,2.38843216873,-0.0188710975429,0.0274155956737,0.0,445.3496914463345,444.4359421757294,444.0931069463916,445.35455939209714
1.0200000000000005,-0.0453771340615,-0.0117612286511,1.21470735407,6.27083815585,0.0310521399792,0.0,-0.156608081326,-0.0410236194148,2.43155908899,-0.0209139866998,0.0296390153307,0.0,424.14488755399725,424.33604644124233,424.3060324372036,424.13063533692457
1.0800000000000005,-0.0554820442588,-0.0145064940103,1.36550076307,6.26926235991,0.0327789148797,0.0,-0.180406633931,-0.0506347908589,2.59452202711,-0.0399935171538,0.0270030974234,0.0,461.2286208998356,461.0206037999272,463.88252217871155,462.38173192343055
1.1400000000000006,-0.0669343862696,-0.01781693444,1.52247692884,6.26700113631,0.0340235629101,0.0,-0.201473709292,-0.0599295314147,2.63790741905,-0.0334338080849,0.00370357571581,0.0,426.2999535776091,424.3044072813528,425.1157537251312,425.6767013352628
1.2000000000000006,-0.0797613003428,-0.021770990806,1.68473992114,6.2651279141,0.034426947025,0.0,-0.226114317619,-0.072073956434,2.77053961802,-0.0271258581447,0.012165549351,0.0,453.4862622701379,454.1653592384254,453.70417456739534,454.21000989934026
1.2600000000000007,-0.0942743832692,-0.0265975020661,1.86065504701,6.26342398301,0.0351680953594,0.0,-0.257726996794,-0.089019053302,3.0924730502,-0.0310743640262,0.012723719178,0.0,509.4119316997087,509.4516997460823,509.44464946148645,509.162137953248
1.3200000000000007,-0.11053549776,-0.032391886075,2.0510781295,6.26136451189,0.0362970668857,0.0,-0.284402874349,-0.104334973503,3.25450348889,-0.041778050382,0.0288368344189,0.0,464.983562796468,466.244105655124,465.2437624288719,464.4044840769984
1.3800000000000008,-0.128358668963,-0.039112772357,2.24935808406,6.25863530475,0.0384659995229,0.0,-0.309895004353,-0.119953571025,3.35452141019,-0.0541842607455,0.0477798648555,0.0,446.24939968655895,447.7936195940766,447.89423186954133,446.8828458943744
1.4400000000000008,-0.14777612764,-0.0468399982811,2.45403471311,6.25527815982,0.0416329264323,0.0,-0.337656304448,-0.137954785718,3.46766824132,-0.0597448929809,0.0612673408505,0.0,452.7662552564724,453.851837143021,450.795749713707,450.3440931343454
1.5000000000000009,-0.168950371746,-0.0557327643415,2.66598585056,6.25205328578,0.0457860963174,0.0,-0.368555382323,-0.15881834833,3.59693422013,-0.0438606308665,0.0816535434824,0.0,456.2564362774738,457.88457730645644,457.62750969563893,458.88829205908036
1.560000000000001,-0.191950515696,-0.065860648036,2.88307820253,6.24963769204,0.050549821388,0.0,-0.39856231723,-0.17900778514,3.63930416083,-0.0338888577814,0.0744496549186,0.0,432.41131183528114,431.8092233561658,429.984303534622,430.82737873929966
1.620000000000001,-0.216863446812,-0.0772591766256,3.10316312498,6.24749434753,0.0547498807193,0.0,-0.432276573701,-0.201135597714,3.69663575826,-0.0396668430501,0.0591612166115,0.0,438.11809206838603,436.8487906237748,435.67380088591136,435.1898056877232
1.680000000000001,-0.244475897126,-0.0904171947727,3.3374612661,6.24460683832,0.058237230857,0.0,-0.488584530617,-0.237787690533,4.11184201849,-0.076086329871,0.0559605819609,0.0,540.8996636176781,540.6857530695023,539.5486150644621,537.0828214450197
1.740000000000001,-0.275078865805,-0.105542838806,3.58830723922,6.24099039611,0.061718605439,0.0,-0.531853949818,-0.266807094616,4.24913237639,-0.0396962591258,0.061856256828,0.0,465.0907058481791,465.55443079760516,462.97555945319885,465.82724426626686
1.8000000000000012,-0.308316198417,-0.122454114656,3.84675199184,6.23825070615,0.0654316654842,0.0,-0.5764184613,-0.297145043595,4.36519969586,-0.0615769830298,0.0619404042661,0.0,459.5985836650186,459.60786498485044,460.40110578803564,458.66521241663503
1.8600000000000012,-0.344530557128,-0.14140275594,4.11552797352,6.23432143071,0.0694215060126,0.0,-0.631136212829,-0.334892264773,4.59303132098,-0.0747520467656,0.0743283436503,0.0,492.5481851134784,493.4663409687899,494.4257069305425,493.451241777499
1.9200000000000013,-0.383840159073,-0.162511028014,4.39384744917,6.22998091356,0.0743564626717,0.0,-0.679634822631,-0.36913920746,4.68383032471,-0.0679139398624,0.0946434437644,0.0,453.30587400663677,454.94079049862694,455.3126961796513,455.85558154726266
1.9800000000000013,-0.425996903768,-0.185640036742,4.6753789043,6.22656516633,0.0802572518631,0.0,-0.726105205527,-0.402151186601,4.70039327979,-0.0410024813411,0.104874881435,0.0,431.68423446912624,432.555390586262,431.37136986194054,433.63563976746156
2.0400000000000014,-0.470891159577,-0.210694706889,4.95592875769,6.22390785485,0.0867308770206,0.0,-0.770897947737,-0.43321670815,4.65138236276,-0.0518365159374,0.113330735982,0.0,410.7637688462106,411.5242858598831,410.9194911860802,409.95648829914074
2.1000000000000014,-0.519418301631,-0.238226330795,5.24301463257,6.22090439264,0.0931201579222,0.0,-0.847415899249,-0.484817346673,4.91688762304,-0.0467194547248,0.0870703676403,0.0,508.11510744460094,506.2369557395791,506.7321833900936,507.09868222534993
2.1600000000000015,-0.572250556979,-0.268634209424,5.54132267375,6.21817129709,0.0983315206409,0.0,-0.914154118954,-0.529029777293,5.02611688199,-0.0433132564625,0.0864242136088,0.0,464.11338190359277,464.0685448102025,464.11179726498415,464.37798295702726
2.2200000000000015,-0.629338608495,-0.301844020218,5.84758643181,6.21540113943,0.103266256989,0.0,-0.989271357416,-0.578207567863,5.18184250966,-0.0525977763858,0.0722108581098,0.0,479.3150358016411,478.23839674378235,480.13238129256786,479.4262671430792
2.2800000000000016,-0.691181283595,-0.338159572891,6.1645099198,6.21201595272,0.10735523748,0.0,-1.07254834534,-0.632621160474,5.3812033153,-0.0654332160706,0.058455057848,0.0,493.9798999096773,492.96730257173414,494.1572674132886,493.2081997761499
2.3400000000000016,-0.757519596032,-0.377428144553,6.48789541746,6.20806382482,0.110433122286,0.0,-1.13902415844,-0.676673887602,5.39811085736,-0.0667540668464,0.0304591020957,0.0,442.01042735257255,439.69835960767244,440.29463439002905,440.1820637244288
2.4000000000000017,-0.827947446516,-0.419444909108,6.8127199362,6.20424453589,0.112266615729,0.0,-1.20872770239,-0.724228256867,5.42911286933,-0.0580852893056,0.0307556997456,0.0,445.36317860745186,445.38774703199596,445.1983327623346,445.9042161370659
2.4600000000000017,-0.903050657724,-0.464704894732,7.14341143702,6.20073835102,0.114639711808,0.0,-1.29486654678,-0.784758314185,5.59300094589,-0.0591477743961,0.053011994837,0.0,486.68493622400587,488.3487508701808,485.24964520840405,485.1678067422153
2.520000000000002,-0.982892022338,-0.513323962986,7.47969153297,6.19698553047,0.117620293219,0.0,-1.36678391034,-0.836191848701,5.61608005995,-0.0703964146993,0.0419964273175,0.0,446.01533458925104,445.11611387278134,445.8763379996421,444.95336676021117
2.580000000000002,-1.06782627112,-0.565628469495,7.82340733042,6.19318026156,0.120323740555,0.0,-1.46454183017,-0.907663836297,5.83979766297,-0.0522272879026,0.0505658604734,0.0,505.7691520674409,506.38695196013924,504.8898942779534,506.19675582730724
2.640000000000002,-1.15789101946,-0.621709119337,8.1739156484,6.1901902837,0.123647604672,0.0,-1.53790006951,-0.961951609233,5.84364045281,-0.0454308395063,0.0636347438328,0.0,442.6884775802085,443.7648172608926,441.8197848125156,442.3783120434907
2.700000000000002,-1.25250063018,-0.681157372698,8.52526498301,6.18792381589,0.126960150018,0.0,-1.61607671966,-1.01986199175,5.86771231423,-0.0257069481851,0.0274636806161,0.0,451.99956593344507,449.07624745190236,447.62234560030714,449.2241462021095
2.760000000000002,-1.35210642854,-0.744304238724,8.87997701851,6.18621007022,0.128873594522,0.0,-1.70424659319,-1.08514802664,5.95541543668,-0.0349906306452,0.0395300803657,0.0,468.82947502365005,469.76654885833284,470.5066562680316,469.78703080985406
2.820000000000002,-1.45683667542,-0.811247932475,9.23832073669,6.18419390835,0.13087107008,0.0,-1.78695412252,-1.14647645186,5.98904055025,-0.0309625889096,0.0163318714967,0.0,455.4741165672533,453.61502332371236,453.9850372845269,454.3077644771872
2.880000000000002,-1.56642587032,-0.881803437852,9.59760626017,6.1820310412,0.131917944151,0.0,-1.86612431741,-1.20554621382,5.98702126224,-0.0488951975082,0.0195912965972,0.0,442.77827041939685,443.0463242809428,445.2902669238446,443.8198886800868
2.940000000000002,-1.68039517881,-0.955644401213,9.95380334329,6.17909378402,0.13346775807,0.0,-1.93304216406,-1.25608527301,5.88661551054,-0.0490726852842,0.0360493960057,0.0,410.31964826465384,411.77870194305893,411.4940146000806,411.47660816247236
3.000000000000002,-1.79862739778,-1.03273005785,10.305564212,6.1762895273,0.135083610546,0.0,-2.00824580063,-1.3136905849,5.83883777381,-0.0424359572861,-0.0061269833669,0.0,430.6730082565104,427.0901374125131,427.33146149248876,427.89554353087084
